-120778.686305,-146669.629518,111726.621840,112882.652877,-296235.310696,9491.799767,60840.400013,177373.842012,-80677.442761
-146669.629518,-175584.926607,140687.892343,145602.327850,-366049.537460,6890.345145,65901.901950,196045.628466,-107978.293229
111726.621840,140687.892343,-93412.842723,-87480.224429,261500.514986,-17958.336083,-72176.545151,-202512.126250,54710.876793
112882.652877,145602.327850,-87480.224429,-76654.912543,255505.783846,-24500.545572,-83921.501800,-231236.624694,41509.952511
-296235.310696,-366049.537460,261500.514986,255505.783846,-710769.051874,34841.813541,169270.522048,483494.849221,-172765.897327
9491.799767,6890.345145,-17958.336083,-24500.545572,34841.813541,7748.465656,9866.435924,21541.452813,24714.567888
60840.400013,65901.901950,-72176.545151,-83921.501800,169270.522048,9866.435924,-5263.959324,-27960.619763,72415.329015
177373.842012,196045.628466,-202512.126250,-231236.624694,483494.849221,21541.452813,-27960.619763,-112008.146802,195401.245911
-80677.442761,-107978.293229,54710.876793,41509.952511,-172765.897327,24714.567888,72415.329015,195401.245911,-14115.385253
