0.488109,-0.620077,-0.640805,1.098080,0.601645,-0.118127,0.483595,-0.381559,0.664264
-0.620077,0.705496,0.616679,-1.102334,-0.673069,0.065688,-0.523793,0.436165,-0.697464
-0.640805,0.616679,0.350995,-0.731095,-0.552465,-0.054907,-0.422406,0.377766,-0.498598
1.098080,-1.102334,-0.731095,1.412009,0.979820,0.069697,0.761463,-0.701172,0.936083
0.601645,-0.673069,-0.552465,0.979820,0.596654,-0.020086,0.477090,-0.420028,0.618229
-0.118127,0.065688,-0.054907,0.069697,-0.020086,-0.100109,0.000974,0.058023,0.025586
0.483595,-0.523793,-0.422406,0.761463,0.477090,0.000974,0.368372,-0.342466,0.480190
-0.381559,0.436165,0.377766,-0.701172,-0.420028,0.058023,-0.342466,0.258109,-0.436183
0.664264,-0.697464,-0.498598,0.936083,0.618229,0.025586,0.480190,-0.436183,0.596871
