0.368130,0.333591,0.977494,-1.791261,-0.960065,0.241931,-0.705516,-0.880091,2.567047,0.828941,1.033177,-0.781049,-2.020459,1.111343,2.720452,-2.580930,-2.054056,0.076030,-2.444344,-0.330039,-1.199650,2.783473,-1.722621,-1.751140,1.228498,-2.513720,-2.352976,1.676653,0.826070,1.418317,-0.436062,1.539756,-1.286939,3.015615,-1.397897,0.086694,1.645140,-1.129532,-2.945808,-3.015074,-1.012407,-0.020457,2.116469,1.140098,-0.473326,-1.442292,-1.555984,-1.595773,-3.318434,0.840521,-3.191168,0.267492,-1.232359,-1.655653,0.577907,0.104747,1.362644,-0.162385,-2.000289,-0.787378,-0.277750,0.082663,1.629263,1.625548,-0.953382,-1.043702,0.396715,3.215476,-0.607632,-0.635929,-0.169517,1.749441,-0.234883,0.132017,0.546540,-0.501583,0.404758,0.224255,0.636033,-3.128481,1.847040,2.121537,-1.010090,1.500126,1.041537,-0.674729,-0.369101,-2.500670,-0.801680,1.932091,-1.966129,0.175503,-1.906173,-0.129860,-1.290365,0.052871,0.295050,-0.268546,0.502415,0.503541,-0.653408,-0.386574,-0.849525,-0.909225,0.956763,-1.274005,-0.075852,0.036184,-0.435327,-0.490671,0.132728,-1.899325,0.756312,1.557169,0.289637,0.605823,0.618736,1.853658,-1.373619,0.188684,-1.837842,3.297045,-4.558740,-4.643182,-3.280391,-1.577988,-1.964860,-1.802576,-1.816342,-1.389384,-0.432462,0.254712,1.735827,-1.367438,-2.109929,-0.632042,-2.074535,1.602665,0.521642,-0.154048,-4.051816,-1.723959,0.529031,0.030263,-0.664323,-1.777422,-0.948778,-1.834016,-3.292977,-0.989598,-1.322087,0.148052,-1.638382,-0.818010,1.308321
0.333591,1.140982,1.469029,0.461350,-0.700316,-0.530846,-2.740959,0.447087,-0.892587,-0.429516,0.432563,-0.166788,0.263835,1.335070,-0.618167,-0.981771,1.092690,-0.559801,0.444586,0.143839,-0.859372,0.979257,-0.815571,-2.583162,2.016149,-1.854627,0.729905,-1.003772,-1.174580,0.510898,-0.660915,1.677869,-2.359109,0.517663,-0.466339,0.537528,1.416854,0.176838,-1.484851,-0.898955,0.786448,0.089966,-0.564356,0.688070,1.488752,0.592748,1.836366,-1.223083,2.194567,-0.835869,-0.834459,-1.730294,1.166592,-0.798431,-0.173649,2.052072,1.227008,0.235775,0.116596,-0.726121,-0.683500,-0.759341,-0.040906,2.716127,-0.351107,-1.961505,-1.150515,-0.305365,0.033429,-0.699825,0.719354,1.208093,-0.778619,-1.219996,0.897649,0.160438,-0.306237,-0.234538,0.967523,-0.225119,-1.053513,-0.176983,-0.041883,-1.439716,-1.409766,-0.767598,0.400731,0.177138,-0.979740,1.400276,0.849524,0.118341,-1.722917,-0.593078,-0.118650,-2.181706,0.006002,-0.587419,0.591178,-0.404140,0.548426,1.158918,0.787416,1.337041,-0.132243,-1.411183,-0.934143,-0.178250,0.188989,-1.094181,0.069860,1.633709,-0.943508,-0.148027,-0.853060,1.922075,-1.202048,1.022931,1.223802,1.751790,0.871287,2.550520,1.226019,4.736971,6.343634,2.032992,3.029653,-0.704336,-1.368805,-0.041715,0.772670,0.625404,0.295932,-1.047734,-0.442050,0.960252,0.155788,1.010118,-0.221293,-0.516887,0.368780,-0.315188,-0.539955,0.852343,-0.495220,-0.709588,-1.081740,-0.252903,2.543018,0.549611,0.083014,1.023065,0.010675,1.330229,0.060627
0.977494,1.469029,3.409747,1.755398,-0.927059,-0.929459,-4.100558,-0.978431,-2.086574,0.018640,1.330048,0.463531,-1.349025,1.082335,-1.308343,-1.342556,2.419198,-0.460365,1.456719,1.484132,0.848195,0.354886,-2.352891,-3.302185,2.356821,-3.254658,2.121263,-2.747553,-0.782833,1.543322,2.857628,2.951224,-1.028401,-3.022980,-1.088474,0.398614,2.073388,0.245881,-1.870201,-0.290242,1.566144,0.349870,0.902206,1.042723,2.561180,0.317288,4.577810,-1.487309,2.594863,-1.831374,-0.680496,-1.290916,1.782491,-1.427536,-2.404599,3.135029,1.371523,1.862942,1.368725,-0.399930,0.535046,-1.331764,1.223854,1.881041,-2.802329,-2.532896,-4.349614,-0.247573,0.883913,-1.815349,1.980749,0.473287,-1.278948,-0.936926,0.620857,0.609302,-1.668518,0.786339,2.315440,1.241136,-2.913048,-0.260610,-1.149299,-0.170263,-0.417596,-0.007380,-0.161203,0.762147,-1.797628,2.328450,0.787264,-0.218120,-2.479317,-0.094515,0.495545,-5.911639,-0.041801,-0.615687,0.194251,1.335951,0.915935,2.524098,1.514985,1.883542,-0.099599,-2.216031,-1.453520,0.846565,-1.179582,-2.341640,0.666858,4.075398,-0.707185,-3.089445,-0.658970,2.699490,-0.699725,0.877112,3.213672,2.104518,0.959674,4.815092,1.332276,7.061933,8.332777,4.523910,8.466778,-3.969559,-0.264896,2.086609,0.729219,1.782694,-0.581406,-0.387845,1.308652,2.238460,0.259204,2.515216,0.920575,-0.061641,0.764175,-0.314776,0.205213,1.445498,-1.544919,-0.991793,-3.279482,-2.919365,3.678029,4.136416,0.502422,1.625667,-1.078035,1.577779,-0.983003
-1.791261,0.461350,1.755398,2.382007,0.746038,-2.335833,-0.957225,0.759097,-3.392868,-0.513356,0.027822,-0.540474,3.261388,-1.235898,-2.559123,1.015401,2.843537,-2.098852,3.582468,0.738804,0.520176,-0.776681,1.263859,-1.356764,1.643438,0.293177,1.288293,-2.059083,-3.933297,-0.105022,-0.359396,0.491313,-2.947415,-1.968376,0.133028,0.469139,-1.481224,0.607436,1.263494,2.979162,1.931639,0.256100,-3.341887,-1.360842,2.455502,1.110504,2.552480,-0.778424,3.804519,-2.145871,0.443895,-1.359296,1.051299,-1.118051,0.278046,2.259887,0.282068,-1.126600,1.895662,0.231099,1.095665,-1.461886,-1.946978,0.876307,0.892465,-0.826882,-1.356581,-2.398575,0.410989,-0.350316,-0.465597,0.662760,-0.590526,-1.102029,2.141867,1.038143,-0.505823,-0.227464,0.442888,2.100622,-2.392536,-0.490052,1.566364,-2.933406,-2.442494,-0.348053,0.923160,1.697450,-0.528743,-0.923894,1.781140,0.160604,-0.782305,-0.443676,0.828461,-0.484488,0.501314,-1.050210,0.685396,0.365473,0.929042,0.874592,1.739923,1.395031,0.371469,-1.016729,-0.355617,0.164219,1.055418,-2.256502,-1.087602,2.551502,-1.553799,-1.437206,-1.983316,2.196398,-2.352191,-1.613684,0.715152,1.019920,2.223032,-0.712482,4.163891,11.127078,6.757107,3.297496,7.089143,1.298260,0.767852,0.789933,1.129089,-0.920652,-0.834772,1.896803,-1.881321,-1.659990,2.138551,-0.317833,-0.457265,-1.314028,4.668937,2.619568,-1.158948,0.023398,1.036909,-1.297214,0.224232,2.069425,5.311530,2.528322,1.755756,0.626379,0.273371,0.886498,1.065887
-0.960065,-0.700316,-0.927059,0.746038,-0.098053,1.990362,-2.577796,2.524258,-3.722597,-1.786175,-1.335597,-0.743732,0.573052,1.362526,-3.070467,1.152418,1.963809,0.254495,3.655651,-1.691463,1.305532,-0.338132,-0.062805,-1.529050,1.418657,-0.376554,3.661378,-2.548666,-3.664733,-1.950033,-1.431392,1.434525,-2.914186,-0.005214,1.987552,0.155922,2.026409,1.182012,-1.324713,0.957259,2.152755,0.043226,-3.841250,0.629792,2.010486,1.883570,2.966372,0.533152,8.455091,-0.791595,1.264128,-3.014114,4.344277,0.315116,0.234077,2.074928,-0.356244,-0.355421,2.658705,0.229374,-0.733342,-0.830642,-4.173332,4.432176,1.387696,-2.961665,0.297224,-3.104815,1.308034,-0.008415,0.488786,0.930202,-1.171398,-3.609297,-0.359476,-0.348539,-0.694430,-0.974138,-1.237371,3.477020,0.029595,-1.295623,1.936727,-4.987295,-4.318257,-0.932957,2.950991,3.192604,-0.078717,1.989410,3.159173,0.287063,-0.689491,0.387410,0.404924,-1.775181,-0.697988,-1.334889,1.795099,-0.314738,1.061306,1.205077,2.493421,2.219573,-0.992119,-0.034052,0.094687,-0.178608,2.571756,-1.562793,-0.890609,3.933775,-1.332838,-0.128634,-2.722190,2.746886,-3.334861,-0.294467,2.778253,2.317428,3.513577,1.568196,7.571953,11.461017,11.707454,2.431879,6.359146,1.517236,0.062105,0.664290,1.801254,1.243159,-0.239947,-3.145722,4.036274,4.272345,2.662580,0.909753,-1.064484,0.706947,7.965188,0.971173,0.191429,1.156332,0.834603,2.564965,0.613141,3.715526,7.516556,1.617768,1.809425,-1.073395,4.067383,2.919580,-2.109232
0.241931,-0.530846,-0.929459,-2.335833,1.990362,3.118848,1.418546,1.519201,3.072367,2.650127,-2.832696,1.089146,-2.742893,0.854113,0.776625,-1.671059,-2.987307,0.666151,0.425305,-1.780355,-0.558025,-0.740990,-2.001997,1.078711,2.434537,4.167771,1.679285,-0.958626,-1.607806,-1.374777,-0.022074,0.011768,2.051792,2.317790,-0.556311,-1.129319,-1.381659,1.685968,-3.627751,-1.642609,-0.868479,0.023721,-1.913596,-0.292547,-0.050223,0.209436,-1.198610,0.908053,-0.255569,1.028486,0.245127,-2.216855,1.097447,1.852313,1.976347,-3.327548,-3.022224,-3.019851,-2.386032,-0.372709,-1.166313,1.549411,-1.532489,1.751793,3.563013,-0.620892,3.175769,-2.139949,-0.338571,1.561109,-0.351899,-1.232947,-0.543489,-1.611174,-0.646281,-0.518354,0.459800,-1.335891,-1.376077,-1.148785,1.161523,1.171603,2.288899,-0.104256,-1.857181,0.296422,1.857672,0.208607,-0.866523,1.328280,0.323193,1.104397,-0.383538,-0.343916,-1.834225,2.563682,0.158989,0.673133,0.878793,0.655842,-1.486769,-1.690758,-0.455217,-1.223615,0.214805,1.925671,2.619356,-0.884012,3.569424,2.423970,-0.158086,-2.778698,0.357617,3.929224,-2.468345,-1.045129,0.644573,-0.018905,-0.846302,1.054238,0.554833,-3.822489,3.017142,-0.173607,-0.916033,-2.397427,-0.040476,-3.322534,0.469620,-0.220434,-2.138729,0.945148,0.809917,-3.349431,3.123450,3.449713,-1.750607,0.263685,-2.023232,3.148932,-7.568541,-3.651084,0.741617,-0.639477,-0.723137,2.930741,0.341557,-2.437410,-0.793235,-2.788266,-0.015490,-3.145179,-5.431564,-2.182952,-2.952545
-0.705516,-2.740959,-4.100558,-0.957225,-2.577796,1.418546,3.832066,-2.206807,1.515763,0.073107,2.547288,0.194496,-5.211753,-3.576873,1.249794,0.236294,-3.772977,2.852280,-1.106347,-0.686198,4.513621,-1.592645,-2.230013,3.552312,-2.440307,1.639278,-0.409582,0.777754,5.602811,-0.716614,6.247597,0.385782,8.095729,-4.867749,0.541116,-2.088206,-1.430867,0.088842,3.610728,-1.207127,-3.777186,-1.225680,4.842684,2.126919,-2.544533,-0.933813,-0.507178,3.860116,-2.572732,2.961111,4.218356,5.550762,0.390527,3.196785,-3.169676,-5.312874,-2.116691,1.831620,-1.369947,2.550835,1.603415,0.973022,0.329572,-6.162557,-0.496686,0.486357,-1.482180,0.534603,-1.038192,1.290608,0.933230,-4.140010,2.357933,2.351048,-2.983521,-0.135019,-0.721943,0.269378,-1.949523,1.761300,1.240250,-1.913320,-1.092801,4.562780,2.951582,2.526566,-1.520922,1.472754,1.665991,-2.078209,-4.707241,-1.442219,2.699522,2.698694,-1.203000,-0.692777,-1.618005,0.567372,-2.848099,1.080979,-2.921253,-1.716025,-1.717021,-3.388950,-0.732881,1.900201,0.664786,1.075067,-1.755040,2.592281,-0.207137,-0.914915,2.078658,-3.739349,1.547194,-5.072640,3.154290,-0.858047,0.607375,-3.463449,-1.312739,-0.680633,-0.789689,-11.620469,-11.978021,-1.658142,2.729785,1.543027,1.788030,1.091638,-0.799485,3.032969,-0.688646,3.531468,5.705608,1.959784,0.675306,0.899048,1.700508,2.412607,-4.473916,1.624538,2.176848,0.033545,1.902065,3.647978,-1.442743,3.565818,-5.588286,4.366388,0.905888,-2.403617,-4.903717,-3.743545,-0.485376
-0.880091,0.447087,-0.978431,0.759097,2.524258,1.519201,-2.206807,-0.658732,1.409254,-2.148741,-2.481999,1.253493,0.038801,2.382745,-2.928435,1.244929,1.097251,1.166949,-1.784955,-0.878472,-0.122256,-0.888441,0.279854,1.033144,-1.318493,-0.441840,4.615262,-0.324361,-1.103035,-2.334959,-0.388682,0.490412,1.933816,1.378643,2.018679,-1.531243,1.167657,0.472842,-2.173821,-2.899212,0.320670,0.916290,-2.252237,-0.775623,-0.340135,1.184002,-0.542230,1.260156,0.110665,0.896450,-0.353292,-2.316384,2.384793,0.545050,-1.487489,-1.266373,-0.632724,0.136754,-0.904654,-0.290180,-3.121147,1.857173,1.483080,3.162125,0.194352,0.371632,2.525706,-2.081019,-0.570505,0.647686,1.090002,-1.041330,-0.443940,-1.003341,-3.345500,0.172900,-0.986080,-0.347860,-2.619584,1.307213,2.053855,-1.703394,-0.513311,-0.892799,0.381712,1.308248,0.169744,0.029204,0.447729,-0.479631,2.492735,1.211443,2.333294,0.532988,-1.145966,-0.737521,-0.667763,0.299522,0.986818,-1.372869,0.145710,-0.672347,-0.891250,0.582974,-1.725571,1.321931,-1.035308,-0.226704,1.321844,4.009655,-0.439580,0.791720,1.006324,2.990416,-0.449235,-1.296903,0.019319,0.301525,-1.289544,1.450008,0.278647,5.210740,2.771897,0.111828,1.302790,-0.313884,-2.153216,-0.745899,0.759446,0.567730,0.173160,0.309185,0.984829,-4.542333,5.044701,5.717320,-0.154376,1.216775,-1.404272,1.678915,1.121568,-2.752295,1.910821,0.374405,-0.841448,4.027691,1.725856,-1.837223,1.463576,-1.415166,-0.486034,-1.547012,0.807134,0.512142,-3.383629
2.567047,-0.892587,-2.086574,-3.392868,-3.722597,3.072367,1.515763,1.409254,0.413091,1.305122,0.227105,-0.040739,-4.077979,1.828222,2.211170,-2.632911,-4.054423,2.660550,-0.964997,-1.063265,-0.045031,2.388430,-2.096686,0.621505,3.256554,1.204402,1.960949,-0.192216,2.008472,-1.189448,-0.076071,0.303070,0.239628,1.619630,0.035414,0.185491,-1.046356,1.772610,-0.727864,-3.063364,-0.272811,-1.685262,0.133182,3.560816,-1.211255,1.371250,1.021111,2.809634,6.002792,1.568980,2.444678,-1.905381,3.827659,2.932322,0.842358,-1.198417,-1.709861,0.647659,-1.502342,0.675227,-0.018296,-0.403484,-2.225901,3.223644,3.558761,-3.321879,0.939301,-3.076817,-0.049050,0.951744,0.036542,-0.368629,0.269185,-1.597578,-1.451788,-0.704633,-0.357418,-0.772171,0.152019,0.272362,-1.197999,1.007769,1.590984,-2.065301,-3.807344,-0.158418,1.639934,2.487800,1.150827,1.342064,0.835083,0.502520,-1.345059,-1.284485,-0.410217,-1.479961,-0.284233,0.882428,0.383177,-1.915028,-1.139599,-0.534959,-0.048772,-1.145000,-0.641565,0.117019,0.960550,-0.822264,2.415258,1.820462,-0.082454,0.156428,0.467507,0.826567,-1.317709,-1.522078,-0.760583,0.107578,2.863282,0.063741,2.334756,-3.940193,4.813042,2.353065,7.423247,0.768513,3.483273,-0.463338,-2.340628,0.758756,-0.616968,2.603268,-0.106561,-2.145270,5.071258,2.187341,1.109717,0.277339,-0.603026,2.153539,-5.516828,-3.318103,-0.669640,-0.595335,1.916024,1.572185,-1.308305,1.600744,3.204340,-0.845491,0.668629,-2.114936,-3.758989,0.531212,-2.562623
0.828941,-0.429516,0.018640,-0.513356,-1.786175,2.650127,0.073107,-2.148741,1.305122,-1.388226,0.981620,-2.258238,-2.929238,0.518763,1.401428,-0.507564,-1.376058,1.561669,-1.867589,-1.085442,1.739336,1.536035,-1.499798,-0.647398,-2.076007,-2.757771,-0.590751,1.811047,2.557623,0.425964,0.196735,1.580716,0.070708,0.942470,-0.770195,-0.143765,5.410626,-1.234607,-2.939285,-1.156398,-1.752092,-0.423752,4.193958,1.931208,-1.233533,-1.986336,-1.779154,-0.727716,-0.682603,1.285988,-1.391326,1.853990,-0.146801,-2.333784,0.020035,0.497665,1.820602,1.253774,-0.146545,0.533574,-0.481001,-0.214227,1.019825,-0.089883,-4.669849,1.055181,-1.022400,5.196458,1.876364,-1.598085,-0.054337,1.507307,0.206215,1.245387,-2.108171,-2.179883,0.840691,-0.049904,0.172664,-1.593422,2.538962,1.355609,-2.621058,2.325032,0.914000,-0.571749,0.067982,-1.384363,-0.361084,2.851610,-3.482714,-0.201093,-1.911947,1.047811,-0.823483,-1.304311,-0.181759,-0.367927,-0.030951,0.386626,0.237523,0.231272,0.032433,-1.490300,-0.025701,0.403358,0.317299,-0.332732,-1.802521,-2.352044,0.735884,-0.503605,0.924472,-0.914656,1.341836,1.212844,0.660805,2.545471,0.619489,-1.177530,-1.088915,2.368964,-2.808223,-8.213343,-5.506256,-1.565424,-0.081255,-2.599412,-0.162123,-0.416153,0.203968,0.956730,0.773464,-1.211427,0.834702,1.606303,-0.307630,2.427347,1.162952,0.537129,4.694819,-1.409931,2.672691,1.140298,-1.323395,-0.144639,-0.561046,-2.182982,-3.568444,2.763293,-0.921952,0.308030,5.536610,-0.231843,-0.476406
1.033177,0.432563,1.330048,0.027822,-1.335597,-2.832696,2.547288,-2.481999,0.227105,0.981620,1.804059,0.248760,1.323686,-1.171424,1.820777,-0.112722,-0.512576,-0.314692,-2.643816,2.716714,-1.054305,0.903469,1.308216,1.461801,-1.244916,-0.057884,-1.691815,1.970297,4.255693,1.461902,0.707142,-1.928855,1.074017,-1.437055,-1.348564,0.667899,-1.415706,-0.615525,3.098475,1.055963,0.034759,-0.297865,2.641021,-0.513119,-1.299621,0.054530,-0.894937,0.661080,-4.057620,-0.225309,-0.435340,1.950467,-2.272279,0.251310,-0.773614,-0.286575,0.851521,1.703931,-0.364966,0.381194,1.177013,0.340897,2.498043,-3.465992,-2.557018,2.051513,-0.835639,1.438227,-0.481402,-0.635840,-0.412602,-0.773502,0.605659,2.985811,0.436887,0.735670,-0.059480,1.498510,2.001848,-1.344681,-1.935253,0.415802,-1.344050,2.411403,1.997684,0.560855,-2.087914,-1.205049,1.215584,-2.766804,-1.246376,0.251489,0.276329,-0.807837,0.643965,0.328315,0.726506,0.994909,-0.944817,-1.027165,0.490850,0.177027,-1.571892,-1.322180,0.535946,-0.151596,-0.940714,0.433140,-1.920037,0.735544,0.158044,-0.924794,1.002830,-1.394206,2.146031,-1.737381,1.485124,-0.689671,-1.136468,-1.521666,-1.435316,0.808922,-3.743820,-5.878001,-4.157805,0.495496,-2.482748,-0.348959,0.030727,0.421416,-0.735657,-1.657079,-0.246000,3.947255,-3.808504,-4.929749,-0.161837,-1.654257,1.089370,-1.492929,-2.197123,-0.659448,-0.621013,-0.812048,1.052448,-3.274557,-0.289449,-2.244726,-3.621256,-0.269683,-0.230913,1.363704,-0.400340,-0.624601,1.798175
-0.781049,-0.166788,0.463531,-0.540474,-0.743732,1.089146,0.194496,1.253493,-0.040739,-2.258238,0.248760,-1.903723,1.579807,1.329729,0.276791,-0.320010,-0.368784,0.070773,-0.872051,-0.893491,-1.362060,2.223387,0.734476,-1.882227,1.020744,-2.424420,-0.277449,0.984502,-0.152337,-0.130021,-3.318453,0.509131,-4.192641,2.220655,-0.206633,0.182986,2.386245,-0.109362,-1.394702,-1.587705,-0.205748,-0.717074,-0.244711,1.229218,0.345404,1.242229,-1.041684,-0.419503,3.806571,0.535088,-1.668885,-0.909761,1.678162,-1.428821,1.968573,1.644686,2.306016,0.372328,-0.959469,-1.098466,-1.408355,-0.753761,-0.886932,2.611688,-1.024619,-1.192770,1.005007,0.782386,-0.224856,-0.596604,0.026022,2.277872,-1.133899,-0.893255,0.122025,-0.859245,1.122154,-1.246949,-0.238738,-0.560097,1.834226,1.047207,0.793646,-2.070840,-2.756504,-1.015980,1.140297,-0.130642,-0.300367,0.268215,-0.137174,0.524065,-1.685568,0.098781,-0.309576,0.254396,0.479711,-0.924109,1.589882,-1.908369,0.857427,0.196758,0.547333,-0.026107,0.404763,0.289941,-0.484710,-0.888122,1.066443,-0.155109,-0.591036,0.674444,0.012024,1.929708,-1.177072,1.234611,-2.205866,1.846647,-0.250739,0.633169,1.152727,3.435000,1.901839,0.295147,3.187909,0.970367,1.601176,2.128527,-1.807879,-1.439320,1.180581,-0.536435,0.919919,0.020528,-0.466356,0.271384,2.000702,0.814153,-0.776805,-0.597610,2.863884,-0.106627,-0.165919,0.795432,1.472656,-0.670014,-0.219682,2.598477,0.716997,0.339302,-0.890800,0.535498,3.502710,0.503375,1.389105
-2.020459,0.263835,-1.349025,3.261388,0.573052,-2.742893,-5.211753,0.038801,-4.077979,-2.929238,1.323686,1.579807,1.917685,-0.018628,-4.588039,2.663575,5.130713,-0.101293,2.259766,0.697578,1.856343,-2.816446,0.867526,-0.404136,-2.694769,-2.538176,1.543341,-1.925297,-1.253226,-0.521594,2.390901,0.998633,1.610231,-3.792637,3.335788,-0.205619,0.396962,-0.607519,3.930281,1.025349,1.716348,1.135388,-1.342465,-0.861854,1.256024,0.736402,3.354744,0.123992,0.629860,-0.988904,1.660676,0.563114,0.886448,0.830093,-4.700905,1.771436,0.725293,2.401412,3.470929,-0.418617,-0.197760,-0.022608,0.772808,-0.565051,-0.440440,-1.153586,-2.456190,-2.210373,-0.677186,0.223341,2.710478,-1.390421,0.329985,-0.530267,-0.491186,1.866007,-2.346972,1.167059,-1.656983,4.642092,-0.830487,-5.307029,-1.601150,-1.728267,2.451032,0.760493,-1.406148,1.592767,0.782407,-1.254530,2.973176,-1.617408,3.560971,1.737137,1.369036,-3.653588,-2.029507,-0.689671,-0.850739,0.377922,0.477798,1.956222,0.505521,3.167812,-1.939864,-1.707854,-3.005715,2.013381,-2.229238,0.482407,-0.469079,4.210183,-0.893011,-3.640808,1.376555,0.153751,-0.589925,-1.209683,1.305915,1.467407,-0.323871,7.762817,0.169133,5.477585,4.054196,2.019631,-0.369169,4.333418,0.773818,1.172808,2.323455,1.105010,-0.668560,-0.344624,2.355055,3.027197,0.926425,0.121309,0.807416,-1.072048,6.574566,4.871893,-0.112710,1.131284,0.361414,2.753052,0.953444,4.274877,4.301478,1.182133,1.452789,1.567136,2.774006,2.968726,0.252503
1.111343,1.335070,1.082335,-1.235898,1.362526,0.854113,-3.576873,2.382745,1.828222,0.518763,-1.171424,1.329729,-0.018628,2.958944,0.800600,-1.507406,1.118941,-0.459545,-0.693659,-0.225662,-3.387936,0.795156,-0.257978,-2.264016,1.652817,-1.913414,-1.369887,-0.663067,-2.093442,1.068016,-2.749469,0.250211,-3.114197,3.872430,0.079938,0.563201,0.816836,0.042053,-3.108170,-2.808138,0.913627,0.860988,-1.671285,-0.010887,0.526229,-0.477935,-0.269685,-2.630847,-1.050996,-0.474996,-2.813297,-3.152755,-0.826765,-0.509008,0.633486,2.082192,0.523639,-1.022117,-0.429142,-2.790816,-1.082268,0.444691,1.315312,4.226263,1.888497,-1.750071,1.548722,0.143442,-0.875106,0.488073,0.962694,1.570427,-1.121810,-1.851097,1.471871,0.324475,0.136738,0.254593,0.051826,-1.674309,1.127901,0.517944,-0.016578,-1.604308,0.564280,-1.285420,0.129349,-2.190582,-1.161650,2.176975,2.477934,-0.093231,-0.430432,-0.729361,0.583521,-0.070968,0.271147,0.169445,0.645659,-0.081470,0.129289,0.464717,-0.067556,1.696466,-0.119100,-1.989724,-0.301705,-0.285799,0.153289,0.280642,0.652141,-0.907579,-0.514687,3.185423,0.172300,1.436235,-0.857461,1.463692,-0.631227,2.592006,-1.000440,2.763115,-3.384989,1.602471,4.646657,-1.575856,-7.602821,-0.462399,-2.313451,-1.584762,0.004238,0.121640,0.732871,-4.092395,-0.840321,1.605618,-2.502998,-0.076002,-0.913985,-0.186378,-3.871131,-1.221190,-1.318866,-0.153612,-2.136841,-0.202699,-0.048642,-1.435546,0.903493,-5.637656,-1.779937,1.147589,-0.930634,1.846685,0.133243
2.720452,-0.618167,-1.308343,-2.559123,-3.070467,0.776625,1.249794,-2.928435,2.211170,1.401428,1.820777,0.276791,-4.588039,0.800600,2.722929,-2.056414,-4.025356,2.575214,-3.903934,0.408244,0.624255,1.792716,-2.435508,1.981091,-1.073757,-0.124408,-0.542829,2.273718,5.487017,0.217951,3.172030,0.556328,5.117583,-0.100761,-0.770692,-0.173695,-0.125638,-0.455338,0.338402,-2.885327,-1.908702,-0.684881,4.855936,2.174634,-2.468145,-0.784937,-0.903997,2.161013,-3.615091,2.224410,0.796868,2.474569,-0.294937,1.548046,-1.038140,-2.748673,-0.195794,2.725926,-2.375308,0.661523,-0.310011,0.729677,2.438683,-1.887107,-1.108415,0.429524,-0.655616,1.536890,-0.295168,-0.250425,0.752431,-1.527523,1.593458,2.148429,-2.852665,-0.543244,-0.477208,0.654184,0.858103,-1.887385,-0.214165,0.629409,-2.269990,3.980153,2.081361,1.214511,-1.544220,-0.696889,0.927546,0.331008,-2.494034,-0.103159,0.140090,-0.317546,-1.492413,-1.605295,-1.126036,1.411284,-1.079387,-0.453418,-1.544603,-0.624918,-1.888109,-1.977776,-0.278598,0.574531,-0.377434,0.382591,-1.415292,2.603831,0.744259,-1.956383,1.987990,-1.083716,2.189997,-2.917498,3.033531,1.068171,0.448829,-1.947874,-1.918878,-0.191748,-3.111341,-9.412597,-6.263697,-1.133162,-1.089587,-3.000807,-0.674774,0.902455,-1.667608,1.567612,0.686948,-0.636456,2.006169,0.357202,-1.750738,1.064357,1.186039,1.590028,-6.671515,-3.130860,1.369124,-0.132597,0.213365,0.357841,-1.454229,-3.195331,-4.573963,0.508127,-0.744757,-0.767980,-3.106045,-1.553852,-1.405018
-2.580930,-0.981771,-1.342556,1.015401,1.152418,-1.671059,0.236294,1.244929,-2.632911,-0.507564,-0.112722,-0.320010,2.663575,-1.507406,-2.056414,1.274468,0.834023,-1.110555,3.147155,-0.578241,0.839130,-1.433975,1.082430,0.365433,0.046497,2.045402,-0.293615,-0.465147,-2.653766,-1.142544,0.035221,-0.407337,0.060261,-0.993636,1.037062,-0.072473,-1.935633,0.002250,2.624673,2.881075,0.690942,-0.014674,-2.381171,-1.446805,1.392542,1.055914,0.400131,0.766838,1.587581,-0.304371,1.488858,0.650912,0.464183,0.647226,0.893660,-0.696221,-0.436901,-0.935054,0.813298,0.011381,-0.165821,-0.347369,-3.013707,-1.366455,2.218217,-0.365770,0.514137,-2.504980,-0.520118,0.655278,-0.128477,-0.435092,0.320480,-0.721135,1.141132,0.481203,0.154480,-1.114417,-1.121696,1.740556,-0.363164,-1.482038,2.047364,-1.865136,-1.701942,-0.117951,0.998682,1.714731,0.135025,-1.577678,0.789999,-0.312614,0.946198,0.493172,-0.381165,2.114066,-0.698535,-0.950776,0.508882,0.230014,-0.082815,0.011280,1.024947,0.766948,0.382541,0.896095,0.239815,0.656600,1.649471,0.149310,-1.362075,0.463326,-0.941819,-0.512404,-1.663037,0.374788,-1.023273,-1.466384,-0.468656,0.157388,0.904711,-0.864485,3.473206,5.607404,0.057946,0.689435,3.569344,3.454029,1.181495,-0.135454,0.731554,-0.781357,0.198888,1.565107,-1.241447,-1.091187,1.439067,-0.861918,-0.813383,-0.531665,2.795747,3.320582,-0.636406,0.003981,2.241112,0.840246,1.364480,4.580104,2.475507,1.068016,1.659868,-0.603919,0.358223,-0.402340,1.202152
-2.054056,1.092690,2.419198,2.843537,1.963809,-2.987307,-3.772977,1.097251,-4.054423,-1.376058,-0.512576,-0.368784,5.130713,1.118941,-4.025356,0.834023,3.871300,-2.830851,2.411956,0.246318,-1.211162,0.145687,1.259416,-3.033743,2.182606,-1.400097,2.672697,-1.842171,-4.758488,-0.781077,-1.875084,2.244719,-3.630222,-0.405289,0.555744,0.981031,0.271714,0.107801,-0.309304,1.472260,3.263088,1.049299,-4.274442,-1.942875,3.420529,2.666417,3.310757,-1.425295,3.683189,-2.530598,-1.463503,-2.946696,1.809726,-1.598017,0.370918,2.583503,1.855363,-0.240030,0.857546,-0.785719,-1.879593,-0.844172,-1.408687,3.404270,-0.251459,-1.892904,-1.221449,-2.331635,-0.145023,-1.416955,-0.005924,1.616639,-1.368207,-2.432415,1.746153,1.608696,-0.874292,-0.912612,0.331763,1.441828,-1.688490,-1.047174,1.391743,-3.119764,-2.662776,-0.143850,1.112664,1.726490,-1.469397,-0.345734,3.643293,0.983058,-1.001329,-0.598285,-0.732631,-1.317960,-0.214620,-1.706142,2.366044,-0.726489,2.098425,1.641627,1.831833,3.868536,-0.033031,-1.049307,-2.215578,0.273798,1.980648,-1.030784,-1.028148,3.491967,-2.001440,0.479542,-2.381435,3.311968,-2.644555,0.565956,0.128290,2.642522,2.318586,3.643783,5.314936,12.499525,11.260081,5.035519,8.335426,0.921847,-0.110695,0.155676,1.475968,-1.432394,0.858981,-0.418161,-2.712502,0.166405,1.607789,0.675667,-0.948277,-1.667254,5.147670,1.712157,-0.851700,1.951751,0.957620,-0.867535,0.119150,0.980904,5.042032,2.439074,0.906514,0.964355,1.569299,1.590684,0.721584
0.076030,-0.559801,-0.460365,-2.098852,0.254495,0.666151,2.852280,1.166949,2.660550,1.561669,-0.314692,0.070773,-0.101293,-0.459545,2.575214,-1.110555,-2.830851,-0.364965,-0.767655,-0.482933,-1.921705,0.698772,-0.051003,0.518610,1.073334,2.026469,-2.948579,1.329450,0.690404,0.567670,-1.396734,-1.437725,-0.202892,2.105972,-1.297969,-0.050270,-1.808155,0.114542,-0.484867,-0.627596,-1.332420,-0.356587,0.280663,-0.043022,-0.618938,-0.074815,-2.323050,0.123675,-2.090385,1.006690,-0.769991,0.409766,-1.474549,0.805211,2.485481,-1.840420,-0.475116,-1.584906,-2.299584,-0.975414,-0.225764,0.668251,-0.815421,-1.150636,1.809833,0.284709,2.323769,0.457590,-1.136725,0.963832,-0.372500,-0.206649,0.004386,0.046967,1.130089,-0.618284,1.694174,-0.926752,0.097038,-2.660022,1.159168,1.647245,1.792621,0.859683,-0.595593,-0.345435,0.497060,-1.383231,-0.267152,-0.655707,-1.423897,0.115962,-0.471780,-0.264758,-0.774047,3.569027,0.467581,0.196810,0.077306,-0.205392,-1.083752,-1.478775,-0.776187,-1.636967,1.113459,1.252894,1.474438,-0.614867,1.236628,1.309507,-0.066296,-3.231412,0.508831,2.387717,-0.738644,-1.238660,0.307579,0.364327,-1.640487,-0.742492,-0.758215,-2.425144,-1.576988,-4.698790,-4.759740,-2.111849,-3.130690,0.681271,-0.366581,-1.609395,-1.103562,-0.817966,0.739203,0.858159,-1.805463,-2.272412,-0.838882,-1.201709,-1.002145,0.235086,-6.010617,-0.841963,-0.970838,-0.580152,0.928287,-0.686000,-0.145237,0.866783,-3.778173,-2.377906,-1.114041,-0.751769,-3.019124,-2.107917,1.428154
-2.444344,0.444586,1.456719,3.582468,3.655651,0.425305,-1.106347,-1.784955,-0.964997,-1.867589,-2.643816,-0.872051,2.259766,-0.693659,-3.903934,3.147155,2.411956,-0.767655,2.545982,-0.687018,2.164393,-2.599955,0.640543,0.207158,-2.419372,1.373793,3.303008,-0.682012,-3.277220,-1.314146,0.365629,0.324317,0.542573,-1.059878,0.156408,-1.326572,2.843661,-0.370591,-2.658217,3.918117,0.644523,1.168141,-1.860416,-2.410133,1.985887,0.056638,0.169975,-0.200095,0.574951,-0.655166,-0.364455,-0.570512,0.460000,-2.332568,0.131750,0.136460,0.582985,-1.475010,1.653888,0.236674,-1.883401,0.770322,-1.461913,-0.513242,-3.635140,2.658877,0.563794,0.182131,2.114227,-0.909580,0.648003,-0.182914,-0.928355,-0.509428,-1.498811,-1.360240,0.703629,-0.765571,-0.813730,1.009339,0.958275,-0.529912,0.410129,-0.235035,-1.191910,-0.058971,1.970766,-0.207420,-1.054219,0.563437,-0.217195,0.905339,-0.154428,1.232285,-1.135188,0.767671,-0.128380,-1.268420,1.088883,1.396206,1.235131,0.206609,1.392952,-0.208690,-0.296406,3.069257,0.548795,-0.561960,1.246616,-1.631658,-0.845117,1.429422,-0.064616,0.274598,-2.142839,2.552848,-1.113886,-0.545483,-0.812011,0.837089,0.982310,3.806190,3.903528,2.953896,-3.110319,0.766814,4.873655,-3.021786,4.787802,1.115331,0.742231,-1.447591,0.364268,-1.548987,1.256887,2.458498,1.135524,1.197197,-1.713530,0.410887,10.573527,-0.550517,3.045301,1.000695,-1.301350,1.676100,1.548965,-2.956855,1.333288,4.195217,0.806836,-0.680094,6.403254,-0.267865,-1.995384
-0.330039,0.143839,1.484132,0.738804,-1.691463,-1.780355,-0.686198,-0.878472,-1.063265,-1.085442,2.716714,-0.893491,0.697578,-0.225662,0.408244,-0.578241,0.246318,-0.482933,-0.687018,0.722389,-0.030207,1.259377,-0.467987,-1.972874,0.371792,-3.110245,-1.665934,0.546555,1.867170,1.488743,0.968834,1.603986,-0.779516,-1.892785,-1.142665,0.509524,1.437928,-0.939813,0.942732,-0.514649,-0.407568,-0.456980,2.825071,1.175291,0.694422,0.463914,1.172891,-0.807353,0.002335,-0.184533,-0.888107,1.865324,-0.114512,-1.325889,-0.646438,1.358323,2.852901,2.445607,-0.557314,-0.579030,-0.111988,-1.089558,1.111858,-1.366906,-3.238290,-0.817421,-3.031406,1.961618,-0.356832,-1.540647,1.057962,0.767844,-0.265975,0.794862,0.744354,0.291658,0.040678,-0.070077,1.489618,-0.439067,-0.551993,0.068931,-1.011303,1.485769,0.538931,0.151796,-1.013117,-0.132353,-0.785623,-0.243014,-1.630257,-0.555986,-1.386452,0.639269,-0.244329,-2.301058,-0.233823,-0.778187,-0.047095,-0.153999,0.489409,1.145497,0.320549,0.513871,0.514886,-0.782295,-1.754087,0.558726,-1.742451,-0.991461,0.215910,1.446006,-0.074497,-2.249743,0.656662,0.702627,0.052099,1.788366,0.750544,-0.408905,-0.398837,4.077753,-1.288393,-1.767554,0.012844,2.646751,4.659701,0.789163,-0.974435,-0.117641,0.790119,0.083434,0.342355,2.894064,-1.930405,-1.428892,0.975562,1.209547,1.122285,-1.332406,0.320049,1.692272,-0.259081,1.617065,0.920973,-1.974244,-2.377109,1.249962,-1.901112,3.639277,-0.710312,1.890357,0.637324,-0.377130,2.355088
-1.199650,-0.859372,0.848195,0.520176,1.305532,-0.558025,4.513621,-0.122256,-0.045031,1.739336,-1.054305,-1.362060,1.856343,-3.387936,0.624255,0.839130,-1.211162,-1.921705,2.164393,-0.030207,0.567296,-0.577829,1.312311,1.003859,0.612681,3.742462,-1.151670,0.236172,-1.999073,0.001518,-0.549814,-1.512443,-0.897819,-0.416469,-1.619480,-0.057606,-2.664110,0.267450,0.347029,4.159124,-0.153965,-0.095439,-1.408162,-1.912393,0.451302,-0.487289,-1.137995,-0.045178,-0.372055,-0.736804,0.254934,0.873871,-1.731234,-1.087688,2.829552,-1.320201,-1.373548,-3.310156,0.036117,1.621137,1.749807,-0.389819,-2.674404,-2.608111,0.960027,2.119633,1.085941,0.250104,0.817865,0.086224,-2.803072,0.140256,0.402215,0.564318,1.889805,-0.507114,1.576609,-0.752969,0.546693,-1.077576,-0.490453,2.420261,2.383779,0.508006,-1.611614,-0.236693,1.295054,0.067717,-0.305059,-1.252267,-1.927323,0.644751,-1.091155,-0.508166,-0.297840,4.329314,1.470234,-0.588646,0.001171,1.403342,-0.001709,-1.424772,0.626448,-1.798865,1.696994,1.554824,2.509981,-0.633430,1.679622,-2.145729,-0.675687,-1.759853,-0.339325,0.300865,-2.122850,0.492156,-0.433151,-1.933632,-1.409791,-1.858488,1.008757,-7.576424,1.596817,1.634930,-4.736440,-0.396854,4.049091,-0.648540,2.512362,-0.241097,-0.857411,-2.209410,-0.591340,3.430703,-3.763378,-4.814441,0.767619,-1.350902,-0.476574,-0.563633,1.312188,0.821012,-0.328230,-1.153839,0.818831,-2.270950,0.746226,-0.092467,-0.993750,2.128051,0.886997,-1.317445,-1.070121,-2.511695,1.250543
2.783473,0.979257,0.354886,-0.776681,-0.338132,-0.740990,-1.592645,-0.888441,2.388430,1.536035,0.903469,2.223387,-2.816446,0.795156,1.792716,-1.433975,0.145687,0.698772,-2.599955,1.259377,-0.577829,-0.342590,-1.224502,0.662743,-0.955674,-1.226109,-1.726176,0.040272,1.596137,1.603836,2.620374,0.240744,3.374386,-0.726127,-0.065103,0.276579,-2.110254,-0.647982,0.653317,-3.190335,-1.137922,0.489910,2.866342,0.525144,-1.801640,-2.241625,-0.053872,-1.296345,-5.520800,-0.005191,-0.055081,1.085657,-2.725950,0.149593,-2.145806,-0.104758,-0.602274,1.448573,-1.146310,-0.527977,1.132811,-0.080733,5.006402,-1.418417,0.898726,0.836108,-2.193699,1.376984,-0.792367,0.422418,0.587708,-0.937550,1.084288,1.965996,-0.383692,1.021988,-1.204531,1.757367,0.975067,-1.010217,-0.974687,0.291399,-3.103770,3.565650,5.208831,1.339701,-3.284540,-1.768131,-0.072185,0.358448,-0.056657,-1.291202,1.742769,-0.622019,1.183589,-2.427331,0.034921,1.965167,-2.252335,1.215726,-1.339183,-0.007959,-1.564691,0.533090,-0.233755,-2.433352,-1.033290,0.536493,-3.642619,1.106704,2.053012,-1.639463,0.356097,-1.306068,3.736220,-2.075427,3.323675,0.517290,0.163986,-1.186091,-2.945234,-3.595124,-7.004318,-5.036652,-3.370668,-1.706363,-7.017306,-2.026201,-1.401000,0.530265,-1.475511,1.158495,-1.129773,-0.596776,0.095837,-0.218098,-3.505891,0.182271,1.894331,0.294327,-8.557328,-0.348596,-0.720243,-0.784689,-3.325239,-0.576362,-1.509846,-3.928605,-2.605708,-2.864685,-2.048424,1.707673,-5.571637,-0.055278,-0.431670
-1.722621,-0.815571,-2.352891,1.263859,-0.062805,-2.001997,-2.230013,0.279854,-2.096686,-1.499798,1.308216,0.734476,0.867526,-0.257978,-2.435508,1.082430,1.259416,-0.051003,0.640543,-0.467987,1.312311,-1.224502,-0.498312,-0.045296,-1.146072,-0.818301,0.429962,-0.506312,-0.268215,-1.005990,2.076615,1.820135,2.836802,-2.373998,2.064756,-0.221981,-0.750208,-0.579057,3.177510,-0.604046,0.067040,0.257934,0.041874,0.066845,0.576350,1.000390,1.749082,0.869125,-0.139022,0.307070,1.710449,1.630466,0.848784,1.411118,-2.334402,-1.084094,0.416883,1.705443,0.002197,0.144951,-1.012981,0.035710,-0.060928,-1.235257,0.910932,-1.192275,-1.757550,-1.408389,-1.445716,0.200982,1.374778,-1.388729,0.967165,-0.314508,-0.697085,1.508275,-1.326831,-0.307935,-1.646313,2.241801,0.019577,-3.431589,-0.474256,0.196410,1.605425,1.381263,-0.930493,1.788382,0.270790,-1.326767,0.826586,-0.972280,2.665657,1.246353,-0.785445,-1.588447,-1.869851,-0.751041,-0.531920,-0.172188,-0.482391,0.531830,0.124548,2.163320,-1.044275,-0.589613,-2.048979,1.562579,-0.549244,1.940422,-0.210806,1.690029,-0.347459,-1.964038,0.752513,-1.293129,0.635408,0.355198,0.473227,-0.087033,-0.305148,2.627400,0.868793,1.014574,0.706016,1.501395,2.498615,3.865628,-0.161861,0.136074,1.091552,1.104076,0.543675,0.542955,1.466010,1.837638,0.300603,0.455781,0.598874,-0.169747,0.322300,3.682347,-0.008429,1.585400,1.591926,2.437063,-0.007190,4.509290,0.392384,1.901191,0.605112,0.343709,-1.360076,-0.030311,0.821091
-1.751140,-2.583162,-3.302185,-1.356764,-1.529050,1.078711,3.552312,1.033144,0.621505,-0.647398,1.461801,-1.882227,-0.404136,-2.264016,1.981091,0.365433,-3.033743,0.518610,0.207158,-1.972874,1.003859,0.662743,-0.045296,0.650580,-1.117723,0.713951,-4.035164,2.173946,2.038213,-0.251777,-0.377515,-0.352694,0.458044,0.302093,0.191480,-0.392314,0.333811,-0.870846,2.027401,0.629821,-2.416977,-1.228859,2.193182,1.236328,-1.172505,-0.152775,-2.325104,1.309269,-0.186207,2.039772,0.950493,3.539985,-0.934868,0.656658,1.463533,-2.310470,0.241506,-0.209099,-0.942230,0.573529,0.128862,0.033415,-2.930687,-3.330819,0.339444,-0.051350,1.071540,1.875976,-0.682568,0.556010,-0.399487,-0.170484,1.114618,0.166033,0.035790,-1.186878,1.809004,-1.381199,-1.405687,-0.756585,2.871916,0.020454,1.425320,1.247376,-0.204746,-0.357548,0.741951,0.144020,0.637127,-0.683020,-3.637457,-0.935902,0.433025,1.758926,-1.187200,3.405127,-0.845135,-1.136146,-0.479546,0.054763,-1.003298,-1.311273,-0.087977,-1.816876,0.572603,1.764007,1.241139,0.144648,0.257974,-0.239421,-0.652885,-1.903865,0.505891,-0.378660,-0.009080,-1.324753,0.062808,0.559760,-0.729871,-2.419023,-0.666883,-0.758123,-1.128924,-7.323438,-8.156089,-2.179876,-0.051899,5.005050,-0.042345,-2.103480,0.690435,0.178794,0.996141,2.642137,-0.643658,-1.795158,1.247344,-0.629374,0.177314,-0.304492,0.917085,2.938728,0.344189,0.567996,3.098389,0.686569,0.155039,6.819659,-5.030952,1.791317,0.103612,-1.165724,1.517357,-2.352023,2.699473
1.228498,2.016149,2.356821,1.643438,1.418657,2.434537,-2.440307,-1.318493,3.256554,-2.076007,-1.244916,1.020744,-2.694769,1.652817,-1.073757,0.046497,2.182606,1.073334,-2.419372,0.371792,0.612681,-0.955674,-1.146072,-1.117723,-1.120598,-3.625097,3.144657,-1.515517,-0.160365,0.710081,1.280047,1.562765,0.450297,-0.722834,-0.196439,-1.450740,2.829602,0.269393,-4.155744,-4.158926,-1.476851,0.592866,1.417142,0.870565,-0.546162,-1.588531,0.130668,-1.871921,-0.803886,-0.038365,-1.434365,-1.123220,0.618418,-2.432038,-2.487159,1.690177,0.491891,0.692414,-0.610712,-0.266373,-0.377906,-0.092189,5.141309,1.959328,-2.873816,1.346007,-1.659275,1.957614,0.772321,-0.448545,1.273706,0.059764,-1.141856,0.724118,-2.625813,-0.362074,-0.711226,0.864818,-0.427530,0.330010,1.500306,0.518982,-3.226604,1.774615,3.039938,1.219024,-1.656491,-1.781434,-1.209906,1.566465,-0.184011,0.027807,0.289108,0.623277,1.038465,-4.376658,1.062344,0.830978,-1.122608,0.606497,0.114286,0.139785,-0.541340,-0.093221,-1.016797,-1.054084,-0.889651,-0.809382,-2.842023,0.090088,1.742412,1.265240,0.862956,0.181149,1.585873,-0.250257,1.031438,1.625772,0.473992,0.381606,-0.554568,2.160638,-2.290444,-3.276741,-0.384563,-0.037271,-2.217278,-4.233429,-0.156433,1.028349,-0.056713,1.483282,-1.335490,-2.274751,4.809487,5.298350,-1.021588,2.760959,0.705078,1.275961,-0.487751,-2.388950,1.837572,0.361977,-4.758824,1.495057,-1.688801,-5.740763,-0.420138,0.719975,-2.505343,1.193951,-0.433483,0.243330,-2.528609
-2.513720,-1.854627,-3.254658,0.293177,-0.376554,4.167771,1.639278,-0.441840,1.204402,-2.757771,-0.057884,-2.424420,-2.538176,-1.913414,-0.124408,2.045402,-1.400097,2.026469,1.373793,-3.110245,3.742462,-1.226109,-0.818301,0.713951,-3.625097,-0.511879,-1.248341,1.467749,1.264201,-0.836121,0.460053,0.216582,0.952105,0.276865,0.823830,-1.737195,5.190889,-0.892233,-1.578608,1.056042,-3.026230,-0.576149,2.361610,1.357287,-0.985436,-1.833479,-2.894795,0.790808,0.721759,2.518361,0.925149,3.041011,0.623321,-0.861832,0.052045,-1.281101,0.314124,-0.625646,1.234481,0.896934,-0.237026,0.478792,-2.811898,-2.089442,-2.836168,1.248066,1.377344,3.405904,1.635897,0.287720,0.638852,-0.077902,0.153460,0.118964,-2.136016,-3.114501,1.912776,-1.133462,-2.884460,0.672048,5.241933,-0.908691,-0.332219,0.552984,-0.091708,-0.998424,1.729136,-0.505327,0.347649,1.911136,-4.417177,-0.893649,0.048478,3.415528,-0.746537,1.925198,-0.840733,-1.417003,-0.685255,1.057935,-0.626568,-0.826133,0.691549,-2.854136,-0.573567,2.787487,2.037342,-0.263043,-0.372918,-2.050905,-0.609575,-0.557806,1.036565,-0.782692,-0.388175,0.418989,-0.427259,0.570217,-0.174871,-1.321358,-0.364113,4.041775,-0.201836,-8.224318,-10.811274,-3.938864,-1.118284,2.088183,2.290505,-1.229672,1.464914,1.371297,0.473451,-0.781112,3.870932,3.583714,1.529814,1.403371,-0.279628,1.130564,9.367404,1.749950,3.396862,0.785707,0.248634,3.442302,1.163502,4.237311,-3.455678,3.268628,0.334923,-1.495865,7.670307,-1.070196,-0.280263
-2.352976,0.729905,2.121263,1.288293,3.661378,1.679285,-0.409582,4.615262,1.960949,-0.590751,-1.691815,-0.277449,1.543341,-1.369887,-0.542829,-0.293615,2.672697,-2.948579,3.303008,-1.665934,-1.151670,-1.726176,0.429962,-4.035164,3.144657,-1.248341,-2.335064,-3.195900,-6.693547,1.523707,-2.869229,1.273056,-6.029415,0.944046,-0.880385,-0.343507,-0.078779,0.615749,-3.581263,-0.987324,-1.044210,0.448659,-3.092889,-1.105901,2.134919,-1.331301,-0.602911,-5.008836,1.559140,-1.861413,-2.467136,-1.877870,-1.111046,-3.351882,2.149465,2.506155,-0.268292,-4.809042,-0.366321,-1.178182,1.445916,-1.540723,-0.475076,2.057356,2.788751,-0.783772,-0.143777,1.402064,-0.365743,0.707018,-1.455745,2.546192,-1.883809,-1.831019,4.020787,0.240717,1.455796,-1.516318,-1.265110,-0.205754,2.440566,1.929812,1.792100,-1.593214,-0.128311,-1.073089,0.748018,-1.135936,-3.152971,1.517214,-0.404077,-0.803054,-1.292860,0.725463,1.430653,1.859202,2.608661,-1.353560,-0.360156,2.291054,0.084149,-0.437646,1.703021,1.328185,1.412441,-2.195256,1.914148,-0.890916,0.136678,-3.629178,0.856160,-0.477137,-2.061405,2.076677,-2.003963,2.451868,-1.643176,0.888741,-0.928553,0.981324,0.782617,-5.270934,-1.013368,4.749909,1.783175,-1.164579,-0.477786,1.870050,-1.262414,-2.597703,0.515926,-0.105408,-1.274777,1.281077,-2.111020,0.597035,-0.351605,0.566393,-0.370717,-0.683762,-1.668688,3.846009,-1.875939,-0.037912,-3.061431,-0.700102,-0.811490,2.659964,0.822638,-0.966360,-1.790096,1.244091,-3.047026,-1.171422,2.426737
